STUFF FOR TIMES:

RNG1-
t=0:
NND 26.811689443820626
polarisation 89.68013083724031
expanse 428.6975051951836

t=100:
NND 12.111813461430593
polarisation 74.66078829779981
expanse 408.2794437537366

t=1000:
NND 0.7078311936787012
polarisation 31.984604727064056
expanse 305.1470287843221


t=10000:
NND 0.2352005438282161
polarisation 2.187979720366207
expanse 17.253561748372018

RNG2-

t=0:
NND 25.604704129271084
polarisation 83.35673463710421
expanse 433.028028304032

t=100:
NND 10.26004509497708
polarisation 87.57337066520975
expanse 400.77680411293056

t=1000:

NND 0.5765201326226177
polarisation 57.07702410016214
expanse 350.8746754273047

t=10000:
NND 0.18721659065544838
polarisation 0.16920527304812458
expanse 9.71185122763381


RNG3-

t=0:

NND 21.960919833603192
polarisation 84.6344267440656
expanse 411.31625584562084

t=100:

NND 10.452913872724363
polarisation 80.4231382896376
expanse 400.6704830937305

t=1000:

NND 0.5873997950471423
polarisation 37.64720291065159
expanse 328.559924119868

t=10000:

NND 0.11340304628580355
polarisation 0.06625616741170451
expanse 9.71820078769148

---------EQUATIONS----------

RNG1:

x=np.array([[475.93449235743117, 975.9751288712084], [971.7474408047533, 432.9068393145672], [894.3162233822484, 482.96955792840083], [267.5641526238505, 546.4416811769471], [797.5484868831983, 905.7415201178403], [359.766520833374, 201.37649185211063], [1010.5912716298025, 554.235248598968], [678.325290424046, 266.36330707335003], [930.4112517297208, 907.8503724835195], [514.3268391931381, 79.87327842491902], [254.76785841307287, 221.92679021632], [902.6636614823151, 562.0754204352268], [627.6258036984457, 64.70857344169627], [820.3311311487491, 900.7837979593182], [298.70449289808494, 287.01851627643873], [849.2098685635622, 685.7725567621168], [931.6233229149722, 457.2934442918281], [782.5245774266064, 208.82950945325513], [702.5105683957661, 998.9722748016766], [585.9617772465908, 1108.1618257624705], [171.69577402186866, 383.8208855384835], [570.0442312885175, 155.12882794254983], [912.4616407227513, 292.4116937991513], [636.4788206276355, 911.5521809337874], [1036.7951570688076, 688.484553434809], [275.34515963673806, 982.4312772386199], [353.3585579452304, 973.8544336933672], [840.6518080262454, 470.1985050474046], [889.6214165393698, 667.3809100275014], [287.4258275451532, 676.7775090673362], [166.73812312346882, 962.0280811182454], [145.84965609733388, 311.8396891304724], [857.9256716755359, 370.4462301368071], [77.21742656496087, 624.6439286272065], [795.0296434613476, 849.2847837148433], [795.3025812165257, 257.2536412727608], [949.2053528486235, 745.3732151270721], [733.7758753192743, 974.3878412383324], [362.15533307887546, 261.07869866088294], [852.781125416743, 255.13512792149857], [983.0915104895087, 481.11861953110997], [329.6153832043348, 419.03923939544734], [915.0943782393872, 129.0901874236389], [135.94831414207937, 523.8917029695773], [265.1174999806372, 305.3181104257606], [698.1041273956694, 1000.2395115528486], [762.3946108125656, 113.72595772059879], [257.2161172956368, 629.8021356138901], [784.9353748720088, 112.86204437800853], [128.89765320332572, 245.60303400251718], [812.3623391013596, 79.96545508584234], [311.23282073200176, 826.7417478180244], [637.171846105131, 252.72056524485146], [659.6481109652432, 171.63902625605851], [1023.7264465920038, 317.91843419769714], [998.8782896750752, 816.0111484988978], [97.5531221347677, 808.4037822736552], [455.2893889118636, 967.1194076014383], [169.6446572828125, 925.0133904518264], [816.8248729997613, 254.09095231824784], [633.7246702817445, 111.05608016187318], [248.79688316939445, 211.27814726335959], [503.5922294309503, 34.00005948097976], [784.4959237510697, 840.1743178399495], [807.1928826952201, 421.2367094445466], [394.9240107792435, 377.1201910015558], [482.57928145588244, 235.170798136881], [442.6875880600094, 977.0881124628925], [534.3423747255965, 186.86901381712806], [157.72976434274085, 362.9491575530181], [89.53483996081167, 570.8630364826953], [688.0641477875647, 300.17391485503856], [418.9792832826129, 986.0641831674882], [284.9692952537806, 134.00784785229206], [853.1733187462131, 528.938119186802], [750.9464136791864, 124.03015604509937], [152.51776087233407, 945.3015310131976], [638.8260421622432, 1099.2152449051418], [917.1252364951888, 944.576825354033], [333.1138431465115, 240.64648128194477], [292.5007214216888, 529.4062576506171], [242.83644924144977, 303.31883454352277], [423.58936835558126, 63.07054349181567], [811.8602287017595, 1046.8835687905896], [96.39804467336012, 705.464420279396], [498.7407843341019, 1075.9736196541094], [220.02432074349457, 985.0851153571025], [195.0360651506727, 206.87625620072754], [852.4622518908029, 218.6247561939743], [862.3257904239151, 350.43032398655134], [41.72193515965387, 415.9213358905456], [1033.0121648809627, 643.7779174796591], [525.3494938613005, 189.79307198778633], [506.82795783458147, 244.6323837510102], [114.89531023254659, 499.9861445752821], [813.8128488176557, 1008.3167331890588], [1025.098738923927, 251.31455791068691], [543.3923186454931, 923.3366970017385], [1088.7573084706992, 600.5142352065029], [446.4268956209297, 16.402573052606726]])

v=np.array([[0.18256698355611112, -0.03227189999576163], [-0.49342322868088906, 0.057121736745666674], [-0.015225335549453267, -0.3903749791727059], [0.05313910393510035, -0.4449454390994011], [-0.016104168858214196, -0.42452608116647816], [0.2729630671959745, 0.03975940145528334], [-0.3508245465176405, -0.09211292928261616], [-0.4837975783034494, 0.06673815020527007], [-0.04987655240904576, -0.1775464742811318], [-0.051004544718095235, 0.4639206085162121], [0.04108145383028716, -0.20652632864603926], [-0.3984583831302039, -0.14452096545207582], [0.17390922879572024, -0.21484667318954687], [-0.4348443145373023, -0.23943483216034978], [0.16734358476192346, 0.24449704586713872], [0.23934768916734028, 0.13789615975917102], [0.3215361887836864, 0.22011524325187215], [0.17536247284279693, -0.005840652500312404], [0.3569988258170702, 0.06654587215649921], [0.4055860670585755, -0.3592323924958669], [0.35635946969430754, -0.14743677339511152], [0.31637465143630017, 0.09399684172762868], [-0.07105998960625626, 0.06588083617922624], [0.14221102674654174, -0.14737376551287773], [0.3907269282122364, -0.02287497591925458], [-0.08080614256912266, -0.4692036267691948], [0.037340853984089484, 0.40514633064826866], [-0.05029953462133763, -0.1782710381355651], [0.07074066447560179, -0.26964151827404415], [0.12674304852284635, 0.010564424326973798], [0.279297780391779, -0.23563838065019327], [-0.05405629463860839, -0.4574876999407175], [0.05770455415134934, 0.2399048508953613], [0.1527982556814561, -0.20178849365839402], [-0.3012851144379428, 0.45039053501911863], [0.09136593774817037, -0.4236636765357912], [-0.10098169957270964, 0.47276938081275], [-0.024457042459427147, -0.014948149154206725], [-0.4913444718973635, -0.3037972990713136], [-0.16795110885041586, 0.11029278261372633], [-0.33983139466052636, 0.4057720190538848], [-0.4729775811929223, -0.36428000138528616], [0.3956034317707562, -0.06109552685289665], [0.13294313632336463, -0.20389540051840338], [0.3482458854176099, -0.40227177896464095], [0.37534754591566233, -0.24530528903870252], [0.22364930519984672, 0.15230685273203215], [-0.22750472607848027, -0.1313605168225902], [0.14202540328705437, 0.08191838004612861], [-0.3934178176416214, 0.36789002779282887], [0.260688266684693, 0.2302573724857947], [-0.41574779629607483, -0.32639291024256], [0.11086636233986402, 0.08948385485049781], [0.1319576281461462, 0.18414209496803569], [0.014631604181981839, 0.4279089620803669], [-0.48639217775808496, -0.0459592493070875], [0.04694396593713879, 0.38891275797769], [0.15407774822181286, 0.22682370627515025], [0.23978934932467744, 0.13228389327325674], [-0.34272407962328977, 0.38133811207009183], [0.486713813442627, -0.1752098923983919], [-0.17057865714944898, -0.42032814264011464], [-0.2545126869612373, -0.03809875012600894], [-0.4538202642899868, -0.38352136545573123], [-0.15836762162912799, 0.3250221422600713], [-0.13367994633165292, -0.18992618461809807], [-0.298123222005369, -0.3340043908270087], [0.3575260668559167, -0.23373489384858792], [0.1331476593630153, 0.17780261691712929], [-0.14847599830945235, -0.3015608942898427], [0.11793296334128722, 0.27886128801159793], [0.033825895423252206, 0.32290131815246526], [0.14680961195655196, 0.08698442595388234], [0.025431028780376064, 0.2027429574930224], [-0.09246591845613938, 0.4727276081515841], [0.028093290553749317, -0.3634139332810945], [-0.2610330263043442, 0.35880803294221175], [-0.11836536277515974, -0.0007760748789416017], [-0.220725460168803, 0.2226618605433105], [-0.40114201951338246, -0.12460166433837394], [-0.3006384579077406, -0.3660490565391491], [-0.06088725970583975, 0.26092364089565234], [-0.08999056928892124, 0.1860954748528244], [-0.4024340595164503, 0.0613277865925812], [0.2840713200209597, 0.294210887451958], [-0.3661258450229381, -0.27946931101916284], [-0.10957081977318961, 0.04932181387067458], [0.1276337143880084, 0.15156203951616287], [-0.08497182072862852, -0.41369976703353994], [0.2838670640359017, 0.10426552461422744], [-0.22720545784263702, 0.40858926368024273], [-0.2703955988554734, -0.004870273101165612], [-0.2761803261676953, 0.23985273647929883], [-0.32776150209030086, -0.3053029475159518], [-0.2980603977747047, 0.0836315913706921], [-0.11205921974451916, -0.49689951777900876], [0.11006625753121013, -0.122764099983108], [0.4320552365450764, -0.15558762700137863], [0.41340560164017925, 0.07582621585194227], [0.1116092882557479, -0.46475443016141293]])


RNG2:

x=np.array([[340.0465175052803, 229.20363771570754], [315.7909016284656, 302.72715531989394], [146.43169166455107, 914.374716424672], [845.0030842290184, 927.3299931447766], [502.4582443894543, 313.71870606393327], [221.61399495630098, 925.6249189416013], [638.8808256854248, 1095.6657343005663], [711.5223442737852, 290.17010284612326], [336.6234474458829, 718.7703504797396], [818.0223196008612, 134.88827566106386], [797.9645780437763, 917.8886153045185], [198.2119213190859, 456.1622871909242], [501.09853737236017, 1053.32398696299], [251.93922717016795, 258.25676841142075], [217.6037910513944, 280.239971113799], [283.4615269858531, 493.7203621744271], [933.6174730228665, 759.4106312623602], [823.9794344806637, 569.2981637134593], [819.0157772229903, 1031.8374590544713], [1094.0657796644696, 688.4082563321058], [460.9040999008858, 1012.9846901811609], [779.7632266531788, 187.09492172983238], [539.7331793370579, 183.57833673175878], [807.3785690273796, 407.98551766804417], [188.06768272650305, 700.6298803757409], [499.9798905988091, 1066.9676467174545], [524.8993889088296, 88.64716229198723], [1062.3691834360766, 649.5497858704296], [832.2814700900017, 373.0871421237001], [561.0291626585904, 257.7968133793724], [800.1836788194671, 418.6724178785038], [338.8077389656744, 937.8439342280913], [1044.9678584416563, 702.9262351461407], [284.80137464628274, 1040.206864696389], [165.41689676710087, 413.86410488682327], [29.436727846763915, 571.2858823009052], [337.0543800902434, 1023.0880917738775], [372.99511740571154, 358.35635959377305], [148.52369830435993, 312.1950796643208], [978.7785091634373, 303.21683430222305], [1088.8160401157086, 626.4653518273878], [962.468405591646, 498.58185426184957], [807.1648143312059, 681.4164314585021], [824.4821611183716, 697.5915996841851], [364.2465737459285, 259.27440923648356], [1011.2253824997981, 273.8154284772883], [512.460582669662, 120.49947355784923], [398.39348112508765, 935.6411089200565], [702.3529010154895, 867.9899336215492], [672.453632289395, 54.56036202046823], [70.06041872035814, 828.4890131538544], [1038.8978667583606, 634.5125743463711], [393.67879115405356, 174.63378706033916], [106.47310893854768, 523.6172698486523], [368.9557800942066, 50.27360070823693], [671.3479565155891, 132.53782905654703], [460.32316237155374, 64.85248946457978], [18.979008143625038, 704.6114243089299], [887.1782405431125, 161.96953333198184], [686.0459059149813, 1019.5304267154925], [1069.1058064659314, 523.0960818855518], [1120.23919943283, 487.24927239464495], [377.4594198578483, 172.6709290346693], [444.8698638078105, 1069.0971741888027], [583.8932788486635, 859.1714275828417], [635.0306670991591, 285.143160574337], [1015.4320422111861, 541.1707207617327], [991.6703063960192, 567.7868462379356], [986.6629332677187, 352.9441140702768], [159.3635197689204, 918.6936232804372], [842.7775003508825, 812.8289201586706], [567.6638000779876, 83.73753241693271], [398.5782753353015, 944.3979754404228], [232.42394548882385, 225.0327665076485], [1028.1059947109295, 570.8347452000883], [280.1364363873796, 709.7021753197191], [798.4969672449816, 149.63948615629948], [941.2118433391437, 956.1137623995128], [255.52107462141214, 129.45044900205107], [810.2526092476569, 740.636400860748], [865.7059942642541, 662.4340545516972], [478.3654511856372, 131.3509822726407], [1012.0694515665077, 323.1970671669912], [403.68140335142937, 107.64108132878971], [309.52720852199025, 546.2758870306706], [270.0479077802252, 413.80140810299537], [858.5412160895555, 813.3669942815177], [30.586284047687172, 677.7844892224144], [541.38716498779, 214.85695514310305], [11.975515652005015, 629.3291617328756], [956.9073852680664, 735.8411575469884], [441.71362820514986, 834.3000107115769], [883.8848961429458, 491.7088333062265], [215.1299919886726, 128.20550139274718], [817.1430563799164, 931.9277395439026], [554.0628754278137, 939.956355994497], [1028.4637969326511, 335.9859703387009], [702.1557819745699, 983.2516760818785], [511.0451800194796, 1064.5183049831355], [1002.7496722637368, 335.25318143359414]])

v=np.array([[-0.1553780969942311, -0.21468074355982003], [-0.3468898783399861, 0.041368139728278575], [0.24637112068827327, 0.1086372056257221], [0.3872230484344532, -0.2784410494686027], [-0.20037836768174622, -0.09482748014077302], [0.11119554934596299, -0.15156947839087231], [0.48730609713262363, 0.1340210724518499], [-0.3105887390273768, 0.06452845117650019], [0.20634703743253024, 0.4681849315075731], [0.36606361576974045, 0.1445402882203357], [0.3642800242584906, -0.11226374743201972], [0.41064296785775123, 0.051742368645907755], [-0.02212962239582983, -0.06221767394970712], [0.4065257498345476, -0.18040959325940453], [-0.45590644030746197, 0.48884904952949915], [0.3949555488918838, 0.20598695449049542], [0.22239968753444328, -0.09425715638840826], [-0.22009460883789123, -0.4744540778993679], [0.34388501557080353, -0.38849623835439095], [-0.24594800795331795, -0.1061757213066884], [-0.1862261407955923, 0.001877918741866158], [0.09073604856445683, -0.0805821126081877], [0.38984663858951774, -0.39203512657906203], [0.09156570064510305, 0.19467577367091438], [0.14765666873001282, 0.06591395182199711], [-0.2985444749313053, -0.29997213311928883], [0.49846077066456906, -0.05939268634250483], [0.04247441778860739, 0.411134793404234], [-0.20911098400796435, -0.19536421954431715], [0.20507507856327611, -0.1761417232150373], [0.2926045534292461, 0.0675023945146821], [0.48536014574917763, 0.48096926588610667], [0.005259134136573751, 0.20846204796403722], [0.011221909337916891, 0.3989758481867238], [0.15510963951380297, 0.055953040102323603], [-0.04603513220533617, 0.3103546378928921], [-0.16399513481436567, -0.4222276953868124], [-0.09304991334207569, -0.2854957630348568], [0.18378108741438048, -0.47696751316097563], [-0.1404302145684042, -0.020052243370637157], [0.3520980653615996, 0.09988333199678223], [0.22985554099231487, 0.08404083850485033], [-0.2711682304351497, 0.4859870760705183], [-0.05441889268390787, -0.23204466653089328], [0.34943539188057837, -0.07656068153343554], [0.0757585036181243, -0.20357154888581652], [-0.47421958854767976, 0.1724723258071611], [-0.12328581081445922, -0.4280449724145202], [-0.38852139979177547, 0.022730970628486835], [-0.33216693573948497, -0.2727317577321374], [0.40751575229966974, -0.4500580875610526], [-0.4070113329857281, 0.34777932008499757], [-0.22791954037159023, -0.15375711194856012], [-0.3847285217696311, 0.37245347862738976], [0.009161401408274705, 0.3524649875444731], [-0.3115090855991851, 0.11154114004719295], [0.2956779587818954, -0.30747493379137214], [-0.4980701375135762, 0.199954218972884], [0.3259862890308549, -0.3702537459505497], [0.2208458365372531, -0.20894488386774335], [0.29855426979327826, 0.038402967439872704], [0.1809083344771416, -0.10365730304807985], [0.1703658711985223, 0.25398270374864995], [-0.021205868346418466, 0.2628326529220044], [0.3709903418136823, 0.23102480532932834], [-0.41901331288727905, -0.19066586358345128], [-0.3210934422979064, 0.4211807859377723], [-0.030433050888116764, -0.3537082905240807], [-0.24447500619547557, 0.190800733242257], [-0.09572286599491753, -0.42395355685239], [-0.2207211474967571, 0.25933446266863147], [-0.040718978421101726, 0.25840948664144947], [0.10820090642428537, -0.21199669219688166], [-0.145216467218792, 0.05814246721692984], [0.014538238546122018, -0.13567841993684981], [-0.19501252450755335, -0.007316278333739046], [0.2806472703356018, 0.21412179961267197], [0.3384634309666833, -0.25494957816945885], [-0.18479287382363607, 0.4941097021948001], [-0.4734390860808616, 0.07489345830332339], [0.0742718365429893, 0.4633736811161555], [0.45603222945261945, 0.4736524882488189], [0.006462443343282054, 0.4508859738126071], [0.38993591906655034, 0.33533453631439725], [0.3675392384137125, 0.12160456234921879], [-0.1606048398487845, 0.0869927956726042], [-0.029357362680125343, 0.40073035392622214], [0.22361493263413235, -0.15468765560955866], [-0.05630922220099277, 0.3797084331758064], [0.4715185205311464, 0.4232889291638523], [-0.48772842573674857, 0.47526709075803764], [0.34124300369218663, 0.1550529607709682], [-0.018657095539654556, 0.3613063993841056], [-0.3989536609334121, -0.20876608233003335], [-0.4393268152784986, -0.2599080280410806], [-0.05501203456958903, 0.2490249164102024], [-0.24307526848416783, -0.1946224993773784], [0.4727926443308328, 0.4685173299731973], [0.27026273400862266, 0.22531254907051035], [0.39358455677102777, 0.3931375363720233]])

RNG3:

x=np.array([[1073.7454854374057, 730.1224492222908], [97.55760709619318, 787.2704053949878], [440.2378831609509, 269.73935080834127], [900.7822374782365, 531.3763340342985], [837.0512841915609, 525.9471561511272], [540.0210658105251, 1033.2084304382395], [242.1425405335641, 477.4519802594563], [386.29253024732895, 865.9487090725195], [870.3545666998391, 363.7098995965822], [1022.2068882841578, 447.4596492847152], [799.6309311091303, 347.51508088659267], [870.9293048636407, 293.2794412727862], [711.5090012170085, 181.32580894462563], [233.22412770209377, 879.5332664232695], [964.1362539467077, 574.3008448421698], [528.3614612951794, 153.3645333232913], [180.69783524463264, 816.2234892673102], [898.8999651250565, 849.2976036858563], [1002.3074102193007, 732.4815484272233], [941.1848516400628, 303.7460857158501], [497.2074473576073, 149.4270042805042], [714.7936634700628, 890.7103610236325], [187.67776541540928, 821.2199306624614], [818.1167549223994, 478.01334998105006], [925.5979772252001, 283.1077549508668], [222.6325897858003, 953.0593562978245], [781.3317888285436, 438.5163527349921], [127.85047793531635, 305.2439610171895], [251.1009626948861, 340.5403575109034], [492.62628137956244, 1075.6453382403145], [432.478729472077, 160.07786993676422], [876.4810843099374, 945.6937661335027], [101.49924048354279, 403.40792474288514], [1117.049355614477, 575.5020057996288], [897.4973122426389, 788.3939449432811], [736.0311258042575, 33.98597900462221], [851.9492143922535, 931.2212459738357], [588.9167779155157, 1041.582846385898], [181.3204858340976, 542.4560300499392], [838.8216617220864, 492.8364362018847], [260.3468023072786, 395.43908421569006], [657.4319976126305, 91.01108051528115], [265.049576594183, 672.7839737194149], [1065.2185265612184, 676.2774726778084], [760.0812418435215, 746.9350272865731], [524.0530735949899, 192.6211202464982], [918.4992562268355, 814.163099825921], [1040.6253662179452, 534.8828594404393], [428.3856952922025, 1006.2876424888403], [317.41343512016124, 334.774972747774], [817.8061589824987, 925.4458824790104], [291.4468602216321, 1002.1911230093374], [657.2212089515086, 296.6142543558507], [1085.917310718764, 420.7987567352865], [899.3941108616666, 669.9460950611629], [315.30428133869236, 780.9950670674384], [215.58392732774354, 622.0877633565634], [141.16011243325204, 332.9584293054652], [765.4917666081456, 388.63328514379657], [297.6885747562129, 289.07853409729177], [929.8683980032954, 878.8611023657961], [1015.6664803091614, 448.86328101055733], [820.6285108077492, 827.1445921180556], [447.75348258706106, 847.7284649816064], [313.5696797464335, 473.34671633642563], [217.89503027942214, 472.06567279777636], [288.5755001315776, 239.7320897256442], [551.2444376629433, 891.7899166636795], [615.6005426683768, 233.19255616539982], [739.28672073312, 852.6818430105508], [965.2956404727452, 738.0615611818315], [323.77977506710675, 202.88071631335077], [371.0829572417641, 105.33555283081392], [379.3460638266863, 904.5394544496801], [315.93324916477764, 504.25269747677197], [510.4408858714642, 70.23868143614004], [408.4942281926931, 114.42277612826365], [211.81722258545454, 999.116114944127], [95.06486665115978, 625.0544041476289], [1023.8550021811061, 656.8767096368271], [776.2315882010578, 917.790105726257], [437.27598165866715, 70.24594884752992], [1057.5278439502563, 621.007086670336], [601.3766996761066, 295.40826624760416], [968.121360192103, 506.1110399330719], [840.2434913025065, 931.3179026308298], [966.7658401762224, 682.2805669902573], [860.7898756868582, 841.2741157804439], [251.43429927636976, 888.6075608216112], [293.8800616902133, 317.1675687042838], [759.3619374548794, 400.59820793499335], [777.2361839005655, 1001.3001987064841], [545.4406880857988, 1035.9006735647954], [590.4158659695252, 944.8662375178692], [155.33526446425685, 514.4303641342826], [267.10664689281975, 292.01516829996405], [213.8933374829735, 460.5685610285085], [915.1554993228594, 933.0610177628273], [749.9413045454542, 54.56743844380071], [511.4649902468047, 879.1868317812068]])

v=np.array([[0.46759442532692375, 0.4198549829492302], [-0.11902082706901851, -0.13018417483923028], [-0.4516959397507704, 0.32899515607071106], [-0.4991550165021331, -0.4629480112552733], [-0.3934422929406629, 0.3025523439669844], [0.1937421480560092, -0.425474450458454], [0.28040401015680494, -0.16179192258763453], [0.21617275332630537, 0.42382689351931824], [-0.37434755017798693, 0.10314693917790796], [-0.42726655726924967, -0.22587513602038123], [0.4540872104715311, -0.33244229068478093], [-0.0009433534760476814, 0.22864245255795346], [0.3627959707640086, 0.1771479775211341], [-0.23752527383374133, 0.22248392710949916], [-0.14575648421654863, 0.35970902119935244], [-0.4665592751101668, -0.1573079847978952], [-0.4560555493996994, -0.07315788965398384], [-0.12213871362394424, 0.06346200808126357], [0.134216470572888, 0.07040404869376282], [-0.3128303463740192, 0.28536959621148483], [0.004819785373498364, 0.26290717806791486], [-0.25135556388296465, 0.2585229454292636], [-0.3694446372020175, -0.11426021536351971], [0.3726684764746748, 0.13224252846680395], [-0.13222246494060164, 0.024766180129477067], [0.2326614740267513, -0.03385429190244049], [-0.38033471326941104, -0.12434311954651123], [0.08829374744893781, 0.349399726595338], [-0.2193844564471299, 0.20832061044535266], [-0.1419471851239149, -0.09870828103440166], [0.0018153568342365034, 0.4409366537617663], [-0.36742233047753536, -0.13190705123316404], [-0.38028824130402183, -0.4760654046750663], [-0.4453762381072751, -0.3297826979407539], [-0.11292261325606034, -0.43622990840967557], [-0.39797736728168753, -0.30634788562043136], [0.2185225124723692, 0.23567949639453756], [-0.048560912658443756, -0.33516038379692636], [0.10300605882125613, 0.43279996413323907], [0.4436416556665642, 0.235366834093646], [-0.029212278790530344, 0.10993803944224212], [-0.46191693606376827, 0.02520741088020817], [-0.16445027944213342, 0.16351067042028766], [-0.4772927381723704, -0.015389230055474656], [0.20018034906505944, -0.024232182517544998], [-0.4319794878860215, 0.354349226342382], [0.4024849106489722, -0.36282660684263357], [0.47721819778748387, -0.4836847887820974], [0.38174598532543236, 0.06837534437556325], [0.3310201213971101, -0.20717806590886656], [0.34537764796433335, -0.3580447792420799], [-0.3240240236611578, -0.28047187681112995], [0.20796079843040682, -0.36174103514966915], [0.3948680858655831, -0.2896594010576474], [-0.42565594599336465, 0.013311635437774028], [0.14993437887332617, 0.3129087171568703], [-0.30854894077438544, -0.06466913103939043], [0.4733665994956321, 0.48063743762081523], [0.004604704234920987, 0.48253010785988426], [0.29482952168712206, -0.08878109862816763], [0.3283100717449481, 0.10251013429632427], [0.15574040631317154, 0.4622615274728876], [-0.23212689190875058, -0.34609503429559074], [-0.29961010685901157, 0.2170349472040155], [-0.4675156061399751, 0.40407315634114904], [0.11510849673801227, -0.4919987888135011], [-0.29288514926734355, -0.4275204256895322], [-0.346313895339014, 0.17804556068432076], [0.17872423370299884, -0.054821764160694175], [0.4256597745378763, -0.28077318332987855], [-0.2540875600489524, -0.4650536221740408], [-0.33565863929749296, 0.2670839155414261], [0.3262367632811679, -0.36887585841913195], [0.15990767389649996, -0.27316158223069287], [0.3474696084736155, -0.09982776334845467], [-0.4047502961419943, -0.06420659389698735], [0.28031140832578116, -0.44733245195466975], [-0.26346222919920137, -0.14027210996938055], [0.47817846949675047, 0.18686918425590993], [0.08463373701180021, -0.1489295773217072], [-0.299669087543474, -0.30919866100373405], [-0.07169702816008505, 0.46449259712360236], [0.12041707694192172, 0.012807387230086342], [-0.20255271654784313, 0.20549601358627545], [0.20302376879513628, 0.337329567710418], [-0.3868793046307436, -0.11637054574939287], [-0.2722500394597329, 0.37460329427959416], [-0.46463576568204557, 0.17732711805809487], [0.24617430079327907, 0.18418493631298516], [0.22002711543316833, 0.456264010265619], [-0.2431266370145787, -0.48566922723789807], [0.08060055629018337, -0.47410354231206286], [0.463486400457618, -0.029571543354933505], [0.4211212585126357, 0.442061409046566], [-0.10614062439740712, -0.16311916769163803], [0.41709765370858576, -0.21007858559571746], [-0.37726273401968435, -0.3458918871056381], [0.02787299778410357, -0.1668697664480503], [-0.4849523578625713, 0.0004995629698171244], [0.35190486076385985, 0.32321964941246795]])



---------------------